INFO: 2024-10-18 19:08:14,316: Data
INFO: 2024-10-18 19:08:14,343: Data shape (110527, 14)
INFO: 2024-10-18 19:08:14,366: Percentage of women: 0.653882342398853
INFO: 2024-10-18 19:08:14,393: Percentage of men: 0.346117657601147
ERROR: 2024-10-18 19:08:14,423: Data shape is incorrect!
